% latex table generated in R 4.3.2 by xtable 1.8-4 package
% Sun Mar 10 09:15:27 2024
\begin{table}[ht]
\centering
\begin{tabular}{llccccccccc}
 Setting & Method & $\hat{K} - K$ & $< -2$ & $-2$ & $-1$ & $0$ & $1$ & $2$ & $> 2$ & \% detected \\ 
 blocks & $\pcs$ & 0.8322 &  2.43 &  0.61 &  1.01 &  43.9 & 25.87 & 16.88 &   9.3 & 97.65 \\ 
  blocks & $\JIC$ & -5.63 &   100 &     0 &     0 &     0 &     0 &     0 &     0 & 48.76 \\ 
  blocks & $\PELT$ & 0.0925 &     0 &     0 &     0 &    92 &  6.91 &  0.95 &  0.14 &   100 \\ 
  blocks & $\COPS$ & -6.71 &  99.8 &  0.07 &  0.13 &     0 &     0 &     0 &     0 & 37.45 \\ 
  blocks & $\SOPS$ & -9.299 &  98.5 &  0.49 &  0.61 &  0.17 &  0.11 &  0.08 &  0.04 & 12.38 \\ 
   \hline
burt & $\pcs$ & 1.478 &     0 &     0 &  1.36 & 15.77 & 41.36 &  34.8 &  6.71 & 98.63 \\ 
  burt & $\JIC$ & 6.619 &     0 &     0 &  1.61 &  8.22 &  5.55 &  5.61 & 79.01 & 98.39 \\ 
  burt & $\COPS$ & 0.3373 &     0 &     0 &     0 & 81.33 &  9.96 &  4.98 &  3.73 &   100 \\ 
  burt & $\SOPS$ & -0.0173 &     0 &     0 & 83.01 &     0 &     0 &     0 & 16.99 & 16.99 \\ 
  cosine & $\pcs$ & 1.022 &   3.6 &  7.68 & 11.64 & 14.49 & 18.68 & 22.44 & 21.47 & 83.09 \\ 
   \hline
cosine & $\JIC$ & 0.5833 &  0.15 &  2.85 & 15.18 & 40.18 & 20.98 & 10.77 &  9.89 &  92.7 \\ 
  cosine & $\COPS$ & -1.042 &   0.3 & 18.12 & 67.91 & 13.23 &  0.18 &  0.15 &  0.11 & 68.22 \\ 
  cosine & $\SOPS$ & -3.885 & 98.04 &     0 &     0 &     0 &  0.91 &  0.43 &  0.62 & 1.377 \\ 
  heavisine & $\pcs$ & -0.4368 &     0 & 49.05 & 17.69 & 14.86 &  5.94 &  2.62 &  9.84 & 32.83 \\ 
  heavisine & $\JIC$ & -0.0233 &     0 & 22.88 & 35.74 & 12.73 &  8.94 &  6.57 & 13.14 & 48.95 \\ 
   \hline
heavisine & $\COPS$ & -0.359 &     0 &     0 & 56.02 & 30.95 &  8.42 &  2.83 &  1.78 & 65.21 \\ 
  heavisine & $\SOPS$ & -1.197 &     0 & 85.69 &     0 &     0 &     0 &     0 & 14.31 & 10.21 \\ 
  \end{tabular}
\caption{Summary results about the detection of change-points for $n = 256$ and $a = 4$.} 
\label{tab:CPn256a4}
\end{table}
