% latex table generated in R 4.3.2 by xtable 1.8-4 package
% Sun Mar 10 09:15:27 2024
\begin{table}[ht]
\centering
\begin{tabular}{llccccccccc}
 Setting & Method & $\hat{K} - K$ & $< -2$ & $-2$ & $-1$ & $0$ & $1$ & $2$ & $> 2$ & \% detected \\ 
 blocks & $\pcs$ & 1.264 &  0.34 &  0.76 &  1.53 & 45.26 & 24.81 & 12.23 & 15.07 &  98.2 \\ 
  blocks & $\JIC$ & -5.639 &   100 &     0 &     0 &     0 &     0 &     0 &     0 & 48.73 \\ 
  blocks & $\PELT$ & 0.098 &     0 &     0 &     0 & 91.58 &  7.25 &  1.01 &  0.16 &   100 \\ 
  blocks & $\COPS$ & -6.305 &  99.2 &  0.48 &  0.29 &  0.02 &  0.01 &     0 &     0 & 39.71 \\ 
  blocks & $\SOPS$ & -8.252 & 95.78 &  1.38 &  1.61 &  0.48 &  0.34 &  0.25 &  0.16 & 18.86 \\ 
   \hline
burt & $\pcs$ & 1.626 &     0 &     0 &  0.06 &  8.94 & 35.03 & 50.32 &  5.65 & 99.94 \\ 
  burt & $\JIC$ & 6.576 &     0 &     0 &  0.26 &  4.84 &  4.62 &  5.08 &  85.2 & 99.74 \\ 
  burt & $\COPS$ & 0.3223 &     0 &     0 &     0 & 82.28 &  8.91 &  5.42 &  3.39 &   100 \\ 
  burt & $\SOPS$ & 0.0883 &     0 &     0 & 81.62 &     0 &     0 &     0 & 18.38 & 18.38 \\ 
  cosine & $\pcs$ & 1.676 &  0.45 &  1.73 &  4.58 & 17.74 & 24.87 & 23.72 & 26.91 & 93.94 \\ 
   \hline
cosine & $\JIC$ & 0.812 &     0 &  0.03 &  1.67 & 54.57 & 22.24 & 11.21 & 10.28 & 99.48 \\ 
  cosine & $\COPS$ & -0.6656 &  0.13 &   5.4 &  59.7 &  32.2 &  1.41 &  0.57 &  0.59 & 73.48 \\ 
  cosine & $\SOPS$ & -3.238 & 86.87 &     0 &     0 &     0 &  6.48 &  3.17 &  3.48 & 9.818 \\ 
  heavisine & $\pcs$ & -0.0238 &     0 & 25.91 & 16.36 & 33.99 & 12.67 &  3.88 &  7.19 & 60.12 \\ 
  heavisine & $\JIC$ & -0.6682 &     0 & 17.55 & 55.26 & 13.31 &  7.79 &  3.58 &  2.51 &  53.8 \\ 
   \hline
heavisine & $\COPS$ & -0.1113 &     0 &     0 &  26.3 & 62.75 &  8.23 &  1.87 &  0.85 & 86.38 \\ 
  heavisine & $\SOPS$ & -1.117 &     0 &    85 &     0 &     0 &     0 &     0 &    15 & 13.67 \\ 
  \end{tabular}
\caption{Summary results about the detection of change-points for $n = 256$ and $a = 6$.} 
\label{tab:CPn256a6}
\end{table}
